1: (-4trillin)[80]-3 [920],(-4trillin)[80]-3 [920],(-4trillin)[80]-3 [920]

2: (-4trillin)[80]-3 [420], -2 [500], -3 [1000]

3: sil [500], -3[500], -2[500], -3[500]

4: sil [500], -3[500], -2[500], -1[500]

5: -3[500], -2[500], -1[500], sil [500]

6: 2[8000]

7: sil[3500], -5[250], -5[250], -5[500], sil [2500]

8: -1[4000], -2[8000]

9: 1[250], -1[250], sil[3500]

10: 1[250], -1[250]

11: -2[250], -1[250], 1[250], -1[250], 1[250], -1[250]

12: -2[500], -1[500], 1[4000], 2[1000]

13: 1[250], -1[750], -1[250], -2[250], -1[500], sil[750], -1[2250]

14: 2[4000], 1[4000], -1[4000], -1.5[4000]

15: -1[250], sil[3750]

16: -1[250], 1[250], 2[250], 1[250] 

17: 1[250], 2[250], 1[250], 2[250], 1[250], sil[250]

18: -3[250], -1.5[250], -3[250], -1.5[250], -3[750], -3[250]

19: sil[1500], 6[1500]

20: -3[250], -1.5[250], -3[250], -1.5[250], -8[750], -3[250], -1.5[250], -3[250], -1.5[250], -3[250]

21: -1.5[3000]

22: -3[750],-3[750],-3[750],-3[750],-3[750], -1.5,[750], -1[750], 0[750], 1[500]

23: -3[500], -1.5[750],-1.5[750] -1.5[750],-1.5[750] -1.5[750],-1[750], 0[750], 1[750]

24: -3[500], -1.5[500], -1[750], -1[750], -1[750], -1[750], -1[750], 0[750], 1[500]

25: -3[500], -1.5[500], -1[500], 0[750], 0[750], 0[750], 0[750], 0[750], 1[750]

26: -3[500], -1.5[500], -1[500], 0[500], 2[750], 2[750], 2[750], 2[750], 2[750]

27: -2[500], -1.5[500],-2[500], -1.5[500], -1[500], -2[250], -1[250], -2[500], -3[500], -2[500], -3[500]

28: -3[500], -1.5[500], -3[500], -1.5[500], -3[750], -3[250]

29: -2[3000], -1[3000], 2[3000]

30: 2[6000]

31: -1[500], -2[500], -1[500], 0[500], -1[500], 0[500]

32: -2[500], -1[500], -2[500], -1[500], 0[500], -2[3500], -1[750]

33: -1[250], -2[250], sil[500]

34: -1[250], -2[250]

35: -2[500], -1[500], 1[500], -1[500], 1[500], -1[500], 1[500], -1[500],  1[500], -1[500], sil[3500], .5[1000], 7[3000]

36: -1[500], -1[500], 1[500], -1[500], 1[500], -1[500]

37: -2[250], -1[250]

38: -1[250], -1[250], 2[250]

39: 1[250], -1[250], -2[250], -1[250], 1[250], 2[250]

40: 1[250], -2[250]

41: 1[250], -1[250]

42: 2[4000], 1[4000], 0[4000], 2[4000]

43: 5[250], 4[250], 5[250], 4[250], 4[500], 4[500], 5[500], 5[250], 4[250]

44: 5[500], 4[1000], 4[500], 2[1000]

45: 3[1000], 3[1000], -1[1000]

46: -1[250], 3[250], 4[250], 3[250], sil[500],-1[500], sil[500],-1[500], sil[500],-1[500], -1[250], 3[250], 4[250], 3[250]

47: 3[250], 4[250], 3[500]

48: -2[3000], -1[2000], -2[3000]

49: -2[250], -1[250], .5[250], -1[250], .5[250], -2[250]

50: -2[250], -1[250]

51: -2[250], -1[250], .5[500]

52: -1[250], .5[250]

53: .5[250], -1[250]