pattdict = {}
sil = ""

pattdict[1] = ((-4, 80), (-3, 920), (-4, 80), (-3, 920), (-4, 80), (-3, 920))
pattdict[2] = ((-4,80), (-3,420), (-2, 500), (-3,1000))
pattdict[3] = ((sil, 500), (-3, 500), (-2, 500), (-3,500))
pattdict[4] = ((sil, 500), (-3, 500), (-2, 500), (-1, 500))
pattdict[5] = ((-3, 500), (-2,500), (-1,500), (sil, 500))
pattdict[6] = ((2,8000))
pattdict[7] = ((sil, 3500), (-5, 250), (-5, 250), (-5, 500), (sil, 2500))
pattdict[8] = ((-1, 4000), (-2, 8000))
pattdict[9] = ((1, 250), (-1,250), (sil, 3500))
pattdict[10] = ((1, 250), (-1, 250))
pattdict[11] = ((-2, 250), (-1,250), (1,250), (-1,250), (1, 250), (-1,250))
pattdict[12] = ((-2, 500), (-1, 500), (1, 4000), (2, 1000))
pattdict[13] = ((1, 250), (-1, 750), (-1, 250), (-2, 250), (-1, 500), (sil, 750), (-1, 2250))
pattdict[14] = ((2, 4000), (1, 4000), (-1, 4000), (-1.5, 4000))
pattdict[15] = ((-1, 250), (sil, 3750))
pattdict[16] = ((-1, 250), (1, 250), (2, 250), (1, 250))
pattdict[17] = ((1, 250), (2,250), (1,250), (2,250), (1,250), (sil, 250)
pattdict[18] = ((-3, 250), (-1.5, 250), (-3, 250), (-1.5, 250), (-3, 750), (-3, 250))
pattdict[19] = ((sil, 1500), (6, 1500))
pattdict[20] = ((-3,250), (-1.5, 250), (-3,250), (-1.5, 250), (-8, 750), (-3, 250), (-1.5, 250), (-3, 250), (-1.5, 250), (-3,250))
pattdict[21] = ((-1.5, 3000))
pattdict[22] = ((-3, 750), (-3, 750), (-3, 750), (-3, 750), (-3, 750), (-1.5, 750), (-1, 750), (0. 750), (1, 500))
pattdict[23] = ((-3, 500), (-1.5, 750), (-1.5, 750), (-1.5, 750), (-1.5, 750), (-1.5, 750), (-1, 750), (0, 750), (1, 750))
pattdict[24] = ((-3, 500), (-1.5, 500), (-1, 750), (-1, 750),  (-1, 750),  (-1, 750),  (-1, 750), (0, 750), (1, 500))
pattdict[25] = ((-3, 500), (-1.5, 500), (-1, 500), (0, 750), (0, 750),  (0, 750),  (0, 750),  (0, 750),  (0, 750), (1, 750))
pattdict[26] = ((-3, 500), (-1.5, 500), (-1, 500), (0, 500), (2, 750), (2, 750), (2, 750), (2, 750), (2, 750), (2, 750)
pattdict[27] = ((-2, 500), (-1.5, 500), (-2, 500), (-1.5, 500), (-1, 500), (-2, 250), (-1, 250), (-2, 500), (-3, 500), (-2, 500), (-3,500))
pattdict[28] = ((-3, 500), (-1.5, 500), (-3, 500), (-1.5, 500), (-3, 750), (-3, 250))
pattdict[29] = ((-2, 3000), (-1, 3000), (2, 3000))
pattdict[30] = ((2, 6000))
pattdict[31] = ((-1, 500), (-2, 500), (-1, 500), (0, 500), (-1, 500), (0, 500))
pattdict[32] = ((-2, 500), (-1, 500), (-2, 500), (-1, 500), (0, 500), (-2, 3500), (-1, 750))
pattdict[33] = ((-1, 250), (-2, 250), (sil, 500))
pattdict[34] = ((-1, 250), (-2, 250))
pattdict[35] = ((-2, 500), (-1, 500), (1, 500), (-1, 500), (1, 500), (-1, 500), (1, 500), (-1, 500), (1, 500), (1, 500), (sil, 3500), (.5, 1000), (7, 3000))
pattdict[36] = ((-1, 500), (-1, 500), (1, 500), (-1, 500), (1, 500), (-1, 500))
pattdict[37] = ((-2, 250), (-1, 250))
pattdict[38] = ((-1, 250), (-1, 250), (2, 250))
pattdict[39] = ((1, 250), (-1, 250), (-2, 250), (-1, 250), (1, 250), (2, 250))
pattdict[40] = ((1, 250), (-2, 250))
pattdict[41] = ((1, 250), (-1, 250))
pattdict[42] = ((2, 4000), (1, 4000), (0, 4000), (2, 4000))
pattdict[43] = ((5, 250), (4, 250), (5, 250), (4, 250), (4, 500), (4, 500), (5, 500), (5, 250), (4, 250))
pattdict[44] = ((5, 500), (4, 1000), (4, 500), (2, 1000))
pattdict[45] = ((2, 4000), (1, 4000), (0, 4000), (2, 4000))
pattdict[46] = ((-1, 250), (3, 250), (4, 250), (3, 250), (sil, 500), (-1, 500), (sil, 500), (-1, 500), (sil, 500), (-1, 500), (-1, 250), (3, 250), (4, 250), (3, 250))
pattdict[47] = ((3, 250), (4, 250), (3, 500))
pattdict[48] = ((-2, 3000), (-1, 2000), (-2, 3000))
pattdict[49] = ((-2, 250), (-1, 250), (.5, 250), (-1, 250), (.5, 250), (-2, 250))
pattdict[50] = ((-2, 250), (-1, 250))
pattdict[51] = ((-2, 250), (-1, 250), (.5, 250))
pattdict[52] = ((-1, 250), (.5, 250))
pattdict[53] = ((.5, 250), (-1, 250))

